%
%Thrust (kgf)	Pulse Width (us)
%X Y
map = [
-1.768181818	1100
-1.640909091	1110
-1.577272727	1120
-1.527272727	1130
-1.440909091	1140
-1.4	1150
-1.322727273	1160
-1.259090909	1170
-1.209090909	1180
-1.163636364	1190
-1.104545455	1200
-1.040909091	1210
-0.990909091	1220
-0.927272727	1230
-0.854545455	1240
-0.790909091	1250
-0.754545455	1260
-0.704545455	1270
-0.668181818	1280
-0.622727273	1290
-0.581818182	1300
-0.531818182	1310
-0.472727273	1320
-0.427272727	1330
-0.4	1340
-0.368181818	1350
-0.327272727	1360
-0.272727273	1370
-0.231818182	1380
-0.2	1390
-0.168181818	1400
-0.140909091	1410
-0.104545455	1420
-0.072727273	1430
-0.05	1440
-0.031818182	1450
-0.013636364	1460
-0.009090909	1470
0	1480
0	1500
0	1510
0	1520
0.009090909	1530
0.036363636	1540
0.063636364	1550
0.104545455	1560
0.145454545	1570
0.195454545	1580
0.254545455	1590
0.309090909	1600
0.368181818	1610
0.431818182	1620
0.481818182	1630
0.545454545	1640
0.613636364	1650
0.686363636	1660
0.736363636	1670
0.804545455	1680
0.881818182	1690
0.963636364	1700
1.059090909	1710
1.131818182	1720
1.186363636	1730
1.254545455	1740
1.304545455	1750
1.386363636	1760
1.490909091	1770
1.577272727	1780
1.654545455	1790
1.727272727	1800
1.822727273	1810
1.959090909	1820
2.045454545	1830
2.1	1840
2.181818182	1850
2.263636364	1860
2.322727273	1870
2.418181818	1880
2.486363636	1890
2.518181818	1900];

% thrust@16V rpm power16V curtent16V voltage pwm thrust(kgf)12V efficiency(g/W)
mapt20016 = [...
-9	3200	344.48	21.53	14.98	1100	-4.082336184920758	11.850720462496392
-8.9	2767	341.92	21.37	15.25	1110	-4.082336184920758	11.939448364882889
-8.7	3245	328.96	20.56	15.33	1120	-4.086872114015114	12.423614159822211
-8.44	3269	305.12	19.07	15.35	1130	-3.8283241556367993	12.546945974163606
-8.23	3269	289.12	18.07	15.35	1140	-3.7330696446553153	12.91183468682663
-7.98	3186	272.16	17.01	15.35	1150	-3.6196714172964053	13.299792097649929
-7.59	3141	254.56	15.91	15.35	1160	-3.442770182616506	13.524395751950447
-7.28	3084	238.72	14.92	15.35	1170	-3.3021563806914576	13.83275963761502
-7.02	3027	222.08	13.88	15.35	1180	-3.184222224238191	14.338176441994735
-6.74	2959	206.56	12.91	15.35	1190	-3.057216209596212	14.800620689369731
-6.41	2912	194.88	12.18	15.35	1200	-2.9075305494824506	14.919594363107814
-6.21	2847	182.08	11.38	15.35	1210	-2.816811967595323	15.470188749974312
-5.97	2776	167.36	10.46	15.35	1220	-2.707949669330769	16.18038760355383
-5.57	2732	152.48	9.53	15.35	1230	-2.5265125055565134	16.569468163408406
-5.21	2663	144.16	9.01	15.35	1240	-2.3632190581596833	16.393028982794696
-4.98	2581	130.88	8.18	15.35	1250	-2.2588926889894863	17.259265655482015
-4.8	2503	119.84	7.49	15.34	1260	-2.1772459652910707	18.167940297822685
-4.39	2467	106.72	6.67	15.35	1270	-1.9912728724224584	18.658853752084507
-4.15	2399	97.76	6.11	15.35	1280	-1.8824105741579051	19.255427313399192
-3.9	2296	87.68	5.48	15.35	1290	-1.7690123467989949	20.175779502725764
-3.62	2228	79.36	4.96	15.35	1300	-1.642006332157016	20.690603983833366
-3.29	2167	71.04	4.44	15.35	1310	-1.4923206720432547	21.006766216825092
-2.94	2074	62.24	3.89	15.34	1320	-1.3335631537407808	21.42614321562951
-2.74	1971	54.08	3.38	15.32	1330	-1.242844571853653	22.98159341445364
-2.47	1910	48.16	3.01	15.34	1340	-1.1203744863060303	23.263589831935846
-2.26	1827	41.92	2.62	15.32	1350	-1.0251199753245457	24.454197884650423
-2	1704	36.32	2.27	15.33	1360	-0.9071858188712795	24.97758311870263
-1.74	1732	30.72	1.92	15.33	1370	-0.7892516624180131	25.691785886003032
-1.53	1530	25.76	1.61	15.34	1380	-0.6939971514365288	26.940883207939784
-1.36	1421	21.76	1.36	15.33	1390	-0.6168863568324701	28.34955683972748
-1.15	1327	18.56	1.16	15.34	1400	-0.5216318458509857	28.10516410835052
-0.96	1215	15.2	0.95	15.34	1410	-0.4354491930582141	28.64797322751409
-9	3200	344.48	21.53	14.98	1100	-4.082336184920758	11.850720462496392
-8.9	2767	341.92	21.37	15.25	1110	-4.082336184920758	11.939448364882889
-8.7	3245	328.96	20.56	15.33	1120	-4.086872114015114	12.423614159822211
-8.44	3269	305.12	19.07	15.35	1130	-3.8283241556367993	12.546945974163606
-8.23	3269	289.12	18.07	15.35	1140	-3.7330696446553153	12.91183468682663
-7.98	3186	272.16	17.01	15.35	1150	-3.6196714172964053	13.299792097649929
-7.59	3141	254.56	15.91	15.35	1160	-3.442770182616506	13.524395751950447
-7.28	3084	238.72	14.92	15.35	1170	-3.3021563806914576	13.83275963761502
-7.02	3027	222.08	13.88	15.35	1180	-3.184222224238191	14.338176441994735
-6.74	2959	206.56	12.91	15.35	1190	-3.057216209596212	14.800620689369731
-6.41	2912	194.88	12.18	15.35	1200	-2.9075305494824506	14.919594363107814
-6.21	2847	182.08	11.38	15.35	1210	-2.816811967595323	15.470188749974312
-5.97	2776	167.36	10.46	15.35	1220	-2.707949669330769	16.18038760355383
-5.57	2732	152.48	9.53	15.35	1230	-2.5265125055565134	16.569468163408406
-5.21	2663	144.16	9.01	15.35	1240	-2.3632190581596833	16.393028982794696
-4.98	2581	130.88	8.18	15.35	1250	-2.2588926889894863	17.259265655482015
-4.8	2503	119.84	7.49	15.34	1260	-2.1772459652910707	18.167940297822685
-4.39	2467	106.72	6.67	15.35	1270	-1.9912728724224584	18.658853752084507
-4.15	2399	97.76	6.11	15.35	1280	-1.8824105741579051	19.255427313399192
-3.9	2296	87.68	5.48	15.35	1290	-1.7690123467989949	20.175779502725764
-3.62	2228	79.36	4.96	15.35	1300	-1.642006332157016	20.690603983833366
-3.29	2167	71.04	4.44	15.35	1310	-1.4923206720432547	21.006766216825092
-2.94	2074	62.24	3.89	15.34	1320	-1.3335631537407808	21.42614321562951
-2.74	1971	54.08	3.38	15.32	1330	-1.242844571853653	22.98159341445364
-2.47	1910	48.16	3.01	15.34	1340	-1.1203744863060303	23.263589831935846
-2.26	1827	41.92	2.62	15.32	1350	-1.0251199753245457	24.454197884650423
-2	1704	36.32	2.27	15.33	1360	-0.9071858188712795	24.97758311870263
-9	3200	344.48	21.53	14.98	1100	-4.082336184920758	11.850720462496392
-8.9	2767	341.92	21.37	15.25	1110	-4.082336184920758	11.939448364882889
-8.7	3245	328.96	20.56	15.33	1120	-4.086872114015114	12.423614159822211
-8.44	3269	305.12	19.07	15.35	1130	-3.8283241556367993	12.546945974163606
-8.23	3269	289.12	18.07	15.35	1140	-3.7330696446553153	12.91183468682663
-7.98	3186	272.16	17.01	15.35	1150	-3.6196714172964053	13.299792097649929
-7.59	3141	254.56	15.91	15.35	1160	-3.442770182616506	13.524395751950447
-7.28	3084	238.72	14.92	15.35	1170	-3.3021563806914576	13.83275963761502
-7.02	3027	222.08	13.88	15.35	1180	-3.184222224238191	14.338176441994735
-6.74	2959	206.56	12.91	15.35	1190	-3.057216209596212	14.800620689369731
-6.41	2912	194.88	12.18	15.35	1200	-2.9075305494824506	14.919594363107814
-6.21	2847	182.08	11.38	15.35	1210	-2.816811967595323	15.470188749974312
-5.97	2776	167.36	10.46	15.35	1220	-2.707949669330769	16.18038760355383
-5.57	2732	152.48	9.53	15.35	1230	-2.5265125055565134	16.569468163408406
-5.21	2663	144.16	9.01	15.35	1240	-2.3632190581596833	16.393028982794696
-4.98	2581	130.88	8.18	15.35	1250	-2.2588926889894863	17.259265655482015
-4.8	2503	119.84	7.49	15.34	1260	-2.1772459652910707	18.167940297822685
-4.39	2467	106.72	6.67	15.35	1270	-1.9912728724224584	18.658853752084507
-4.15	2399	97.76	6.11	15.35	1280	-1.8824105741579051	19.255427313399192
-3.9	2296	87.68	5.48	15.35	1290	-1.7690123467989949	20.175779502725764
-3.62	2228	79.36	4.96	15.35	1300	-1.642006332157016	20.690603983833366
-3.29	2167	71.04	4.44	15.35	1310	-1.4923206720432547	21.006766216825092];

% thrust@12V rpm power16V curtent16V voltage pwm thrust(kgf)12V efficiency(g/W)
